1000
1 5 2
2 4 3
3 8 17
4 87 6
5 7 23
6 9 14
7 11 48
8 10 19
9 25 20
10 12 13
11 18 32
12 29 15
13 54 46
14 16 21
15 71 26
16 192 39
17 30 31
18 457 143
19 66 22
20 64 42
21 27 28
22 78 65
23 24 53
24 35 108
25 58 55
26 33 38
27 106 128
28 51 162
29 153 109
30 40 91
31 49 34
32 44 41
33 74 37
34 36 43
35 89 45
36 62 94
37 518 101
38 50 79
39 96 63
40 643 167
41 70 88
42 47 139
43 56 111
44 164 277
45 336 171
46 93 134
47 92 59
48 52 57
49 69 76
50 116 -1
51 130 84
52 75 122
53 72 81
54 198 849
55 60 61
56 110 112
57 80 103
58 -1 157
59 132 68
60 104 491
61 326 306
62 67 102
63 73 148
64 90 145
65 154 138
66 -1 559
67 -1 99
68 114 170
69 107 135
70 86 82
71 -1 226
72 85 142
73 181 123
74 83 77
75 188 177
76 383 118
77 301 121
78 324 -1
79 303 663
80 186 237
81 250 169
82 323 210
83 325 265
84 95 356
85 119 98
86 435 176
87 105 151
88 666 285
89 144 393
90 477 120
91 140 115
92 -1 412
93 156 117
94 131 97
95 165 482
96 389 487
97 -1 501
98 100 126
99 125 174
100 158 147
101 219 238
102 182 203
103 653 141
104 161 492
105 168 260
106 207 243
107 370 -1
108 146 380
109 255 -1
110 113 223
111 524 351
112 180 190
113 136 205
114 178 333
115 -1 423
116 245 124
117 133 172
118 191 248
119 187 166
120 127 239
121 160 222
122 129 149
123 216 224
124 189 150
125 218 175
126 227 896
127 270 209
128 244 194
129 233 295
130 -1 201
131 261 468
132 443 232
133 137 343
134 159 206
135 211 163
136 -1 421
137 152 342
138 752 433
139 214 179
140 -1 500
141 -1 220
142 -1 199
143 231 651
144 311 202
145 225 497
146 679 276
147 155 185
148 677 959
149 461 256
150 553 495
151 288 420
152 759 714
153 183 229
154 619 -1
155 464 -1
156 310 639
157 257 -1
158 760 513
159 196 200
160 359 173
161 197 681
162 215 406
163 402 -1
164 -1 253
165 304 638
166 364 332
167 247 774
168 -1 -1
169 456 -1
170 213 442
171 235 264
172 263 184
173 334 478
174 -1 517
175 193 394
176 363 241
177 498 317
178 911 -1
179 834 512
180 -1 246
181 405 308
182 302 551
183 605 628
184 -1 794
185 307 630
186 762 588
187 348 217
188 -1 455
189 347 195
190 695 365
191 408 313
192 204 212
193 772 -1
194 -1 -1
195 397 694
196 -1 -1
197 230 221
198 -1 -1
199 240 284
200 208 290
201 1000 322
202 258 618
203 296 273
204 459 470
205 401 -1
206 734 379
207 291 268
208 259 315
209 274 282
210 504 862
211 287 251
212 574 361
213 543 -1
214 877 236
215 413 548
216 234 280
217 424 811
218 312 267
219 450 371
220 249 387
221 269 720
222 -1 -1
223 272 439
224 463 283
225 353 781
226 330 398
227 228 242
228 400 445
229 -1 722
230 271 839
231 -1 -1
232 585 293
233 520 376
234 -1 -1
235 452 803
236 286 388
237 921 278
238 591 578
239 -1 294
240 -1 -1
241 871 754
242 -1 697
243 281 252
244 407 573
245 502 430
246 625 399
247 -1 637
248 321 411
249 381 704
250 309 -1
251 460 362
252 279 254
253 835 899
254 266 562
255 318 396
256 262 536
257 721 659
258 822 -1
259 298 327
260 -1 328
261 275 292
262 -1 469
263 -1 -1
264 565 539
265 462 314
266 845 660
267 608 -1
268 485 -1
269 542 367
270 855 422
271 429 546
272 632 841
273 755 375
274 404 417
275 352 289
276 550 798
277 -1 341
278 305 869
279 808 418
280 355 -1
281 -1 843
282 654 426
283 490 316
284 -1 299
285 297 -1
286 -1 -1
287 369 604
288 594 -1
289 -1 649
290 335 319
291 915 -1
292 563 687
293 437 -1
294 -1 545
295 374 350
296 434 914
297 691 895
298 444 300
299 -1 489
300 804 458
301 -1 -1
302 385 616
303 339 719
304 -1 506
305 466 349
306 -1 784
307 -1 480
308 337 391
309 345 331
310 529 -1
311 -1 564
312 320 713
313 -1 898
314 751 373
315 509 358
316 866 484
317 526 474
318 515 853
319 410 338
320 642 742
321 415 329
322 670 552
323 986 368
324 378 533
325 531 414
326 344 823
327 416 -1
328 436 -1
329 403 626
330 440 568
331 865 765
332 -1 384
333 516 -1
334 764 -1
335 627 432
336 -1 837
337 340 -1
338 366 354
339 -1 360
340 863 973
341 -1 -1
342 535 510
343 346 428
344 392 738
345 -1 -1
346 -1 686
347 390 427
348 683 454
349 -1 931
350 395 569
351 812 372
352 598 446
353 567 441
354 447 827
355 555 448
356 357 999
357 -1 409
358 -1 481
359 -1 -1
360 386 972
361 756 540
362 579 767
363 -1 -1
364 -1 901
365 -1 -1
366 382 -1
367 -1 -1
368 -1 -1
369 -1 377
370 673 -1
371 749 590
372 519 592
373 -1 -1
374 -1 757
375 532 476
376 -1 961
377 927 -1
378 -1 926
379 -1 736
380 758 -1
381 473 925
382 -1 431
383 624 -1
384 857 817
385 913 561
386 -1 -1
387 678 -1
388 -1 -1
389 -1 623
390 438 732
391 -1 -1
392 -1 467
393 503 717
394 741 682
395 -1 648
396 -1 494
397 -1 -1
398 -1 -1
399 -1 549
400 449 981
401 -1 -1
402 -1 -1
403 -1 -1
404 465 -1
405 933 -1
406 599 791
407 -1 -1
408 967 -1
409 -1 558
410 -1 647
411 633 -1
412 -1 597
413 537 419
414 451 832
415 425 615
416 -1 792
417 -1 556
418 910 453
419 486 708
420 -1 580
421 886 521
422 -1 -1
423 -1 -1
424 479 613
425 -1 -1
426 -1 978
427 701 -1
428 656 880
429 -1 -1
430 -1 715
431 505 525
432 596 729
433 816 657
434 709 748
435 937 -1
436 743 496
437 674 -1
438 -1 -1
439 -1 -1
440 -1 622
441 -1 -1
442 -1 -1
443 471 908
444 582 475
445 -1 -1
446 -1 -1
447 522 493
448 909 944
449 620 706
450 -1 -1
451 -1 -1
452 -1 -1
453 -1 538
454 593 -1
455 -1 -1
456 511 483
457 -1 -1
458 640 842
459 652 -1
460 530 763
461 581 566
462 -1 -1
463 667 589
464 718 824
465 805 -1
466 631 696
467 -1 -1
468 575 472
469 -1 -1
470 -1 -1
471 889 998
472 -1 -1
473 -1 -1
474 903 499
475 609 507
476 -1 595
477 712 -1
478 -1 -1
479 570 621
480 -1 -1
481 662 508
482 488 -1
483 711 514
484 -1 602
485 731 587
486 -1 -1
487 584 -1
488 606 -1
489 861 -1
490 -1 -1
491 724 560
492 -1 -1
493 878 934
494 929 607
495 -1 -1
496 671 -1
497 -1 705
498 544 -1
499 -1 -1
500 -1 -1
501 583 -1
502 534 -1
503 528 -1
504 557 -1
505 635 523
506 864 922
507 -1 -1
508 541 527
509 -1 -1
510 773 641
511 -1 669
512 996 -1
513 -1 -1
514 -1 -1
515 829 -1
516 -1 689
517 -1 795
518 644 974
519 -1 -1
520 810 576
521 801 614
522 646 672
523 -1 739
524 790 658
525 728 600
526 -1 -1
527 603 612
528 799 586
529 -1 -1
530 796 -1
531 -1 547
532 -1 -1
533 675 572
534 -1 -1
535 750 -1
536 571 703
537 634 629
538 -1 -1
539 727 577
540 -1 -1
541 -1 -1
542 665 -1
543 -1 554
544 676 800
545 -1 636
546 768 -1
547 859 -1
548 -1 -1
549 601 747
550 -1 -1
551 -1 -1
552 -1 -1
553 994 -1
554 780 -1
555 -1 856
556 992 -1
557 716 -1
558 -1 -1
559 -1 -1
560 891 -1
561 -1 698
562 -1 -1
563 -1 -1
564 -1 809
565 -1 -1
566 -1 789
567 939 -1
568 -1 852
569 -1 680
570 787 -1
571 -1 -1
572 777 989
573 771 -1
574 -1 -1
575 -1 -1
576 -1 -1
577 -1 -1
578 -1 966
579 -1 -1
580 -1 -1
581 645 740
582 -1 -1
583 -1 -1
584 611 -1
585 -1 -1
586 879 890
587 -1 -1
588 -1 -1
589 617 710
590 868 -1
591 -1 952
592 -1 806
593 -1 -1
594 -1 -1
595 962 610
596 -1 -1
597 -1 831
598 -1 -1
599 -1 -1
600 -1 847
601 813 -1
602 -1 -1
603 -1 -1
604 -1 -1
605 -1 949
606 -1 -1
607 684 -1
608 650 -1
609 -1 -1
610 -1 -1
611 -1 -1
612 -1 785
613 -1 -1
614 -1 -1
615 -1 -1
616 -1 693
617 -1 -1
618 -1 -1
619 883 -1
620 -1 -1
621 840 -1
622 870 -1
623 848 -1
624 -1 -1
625 685 821
626 745 872
627 -1 807
628 969 830
629 -1 723
630 735 -1
631 -1 -1
632 661 905
633 -1 -1
634 -1 858
635 -1 -1
636 730 -1
637 -1 -1
638 -1 -1
639 692 702
640 -1 699
641 924 -1
642 783 -1
643 -1 875
644 -1 -1
645 984 -1
646 860 -1
647 844 -1
648 655 828
649 668 873
650 -1 -1
651 -1 975
652 -1 -1
653 -1 788
654 -1 -1
655 968 -1
656 707 -1
657 -1 -1
658 -1 737
659 -1 -1
660 726 -1
661 -1 664
662 744 -1
663 -1 -1
664 -1 -1
665 -1 -1
666 -1 850
667 -1 766
668 958 -1
669 919 -1
670 -1 -1
671 753 -1
672 -1 -1
673 -1 -1
674 982 -1
675 -1 948
676 884 688
677 -1 -1
678 950 -1
679 -1 -1
680 -1 -1
681 -1 -1
682 -1 814
683 -1 -1
684 -1 -1
685 -1 -1
686 923 -1
687 -1 690
688 -1 -1
689 917 733
690 770 -1
691 920 -1
692 -1 -1
693 846 -1
694 -1 -1
695 -1 -1
696 -1 -1
697 786 -1
698 -1 700
699 882 -1
700 -1 -1
701 -1 -1
702 -1 -1
703 -1 -1
704 -1 -1
705 -1 -1
706 -1 -1
707 -1 -1
708 -1 778
709 -1 963
710 -1 -1
711 -1 -1
712 -1 -1
713 -1 -1
714 953 -1
715 -1 -1
716 988 995
717 797 900
718 897 -1
719 894 725
720 -1 -1
721 -1 -1
722 957 -1
723 -1 -1
724 820 916
725 876 -1
726 956 -1
727 815 -1
728 -1 819
729 -1 -1
730 -1 -1
731 -1 -1
732 746 976
733 761 -1
734 -1 979
735 -1 818
736 -1 -1
737 -1 -1
738 -1 -1
739 -1 -1
740 782 -1
741 -1 -1
742 -1 -1
743 -1 990
744 -1 -1
745 -1 -1
746 -1 -1
747 -1 826
748 -1 -1
749 -1 -1
750 946 -1
751 -1 -1
752 -1 793
753 -1 -1
754 -1 -1
755 -1 -1
756 -1 893
757 -1 -1
758 -1 983
759 874 885
760 -1 -1
761 769 -1
762 -1 -1
763 -1 -1
764 -1 -1
765 775 -1
766 776 -1
767 991 -1
768 -1 -1
769 802 -1
770 -1 -1
771 779 -1
772 -1 -1
773 945 942
774 -1 960
775 -1 -1
776 867 -1
777 -1 985
778 -1 -1
779 -1 -1
780 -1 955
781 -1 907
782 -1 -1
783 -1 -1
784 -1 -1
785 904 930
786 -1 -1
787 -1 -1
788 -1 833
789 -1 -1
790 -1 -1
791 -1 -1
792 -1 -1
793 -1 -1
794 -1 -1
795 -1 -1
796 -1 -1
797 -1 -1
798 -1 -1
799 836 -1
800 -1 -1
801 -1 -1
802 -1 -1
803 -1 -1
804 -1 888
805 -1 -1
806 -1 -1
807 -1 -1
808 -1 -1
809 918 -1
810 887 -1
811 851 825
812 -1 -1
813 -1 -1
814 -1 977
815 -1 -1
816 -1 -1
817 -1 -1
818 -1 -1
819 -1 -1
820 -1 -1
821 -1 -1
822 854 -1
823 -1 -1
824 -1 881
825 928 902
826 947 -1
827 -1 -1
828 -1 -1
829 -1 -1
830 -1 -1
831 -1 941
832 -1 838
833 -1 -1
834 965 -1
835 -1 -1
836 -1 943
837 -1 964
838 -1 -1
839 -1 -1
840 -1 -1
841 987 -1
842 -1 -1
843 954 -1
844 -1 -1
845 -1 -1
846 -1 -1
847 -1 -1
848 -1 -1
849 -1 -1
850 -1 -1
851 -1 -1
852 -1 -1
853 -1 -1
854 -1 -1
855 -1 -1
856 -1 -1
857 -1 -1
858 -1 -1
859 -1 912
860 -1 -1
861 -1 940
862 -1 -1
863 -1 -1
864 -1 -1
865 -1 -1
866 -1 -1
867 -1 -1
868 -1 -1
869 -1 -1
870 -1 -1
871 -1 -1
872 -1 -1
873 892 932
874 -1 -1
875 -1 -1
876 -1 -1
877 -1 -1
878 -1 -1
879 -1 -1
880 -1 -1
881 -1 -1
882 -1 951
883 906 -1
884 -1 -1
885 -1 -1
886 -1 -1
887 -1 -1
888 -1 -1
889 -1 -1
890 -1 -1
891 -1 -1
892 -1 -1
893 -1 -1
894 -1 970
895 -1 -1
896 -1 -1
897 -1 -1
898 -1 -1
899 -1 -1
900 -1 -1
901 -1 -1
902 -1 -1
903 -1 -1
904 -1 -1
905 -1 -1
906 -1 -1
907 938 -1
908 -1 -1
909 -1 -1
910 -1 -1
911 -1 -1
912 935 -1
913 -1 -1
914 -1 -1
915 -1 -1
916 -1 -1
917 -1 -1
918 -1 -1
919 -1 -1
920 -1 -1
921 -1 -1
922 -1 -1
923 -1 -1
924 -1 993
925 -1 -1
926 -1 -1
927 -1 -1
928 -1 -1
929 -1 -1
930 -1 -1
931 -1 -1
932 -1 -1
933 -1 936
934 -1 -1
935 -1 -1
936 -1 -1
937 -1 -1
938 -1 -1
939 -1 -1
940 -1 -1
941 -1 -1
942 -1 -1
943 -1 -1
944 -1 -1
945 -1 -1
946 -1 -1
947 -1 -1
948 -1 -1
949 -1 -1
950 971 -1
951 -1 -1
952 -1 -1
953 -1 -1
954 -1 -1
955 -1 -1
956 -1 -1
957 -1 -1
958 -1 -1
959 -1 -1
960 -1 -1
961 -1 -1
962 -1 -1
963 -1 -1
964 980 -1
965 -1 -1
966 -1 -1
967 997 -1
968 -1 -1
969 -1 -1
970 -1 -1
971 -1 -1
972 -1 -1
973 -1 -1
974 -1 -1
975 -1 -1
976 -1 -1
977 -1 -1
978 -1 -1
979 -1 -1
980 -1 -1
981 -1 -1
982 -1 -1
983 -1 -1
984 -1 -1
985 -1 -1
986 -1 -1
987 -1 -1
988 -1 -1
989 -1 -1
990 -1 -1
991 -1 -1
992 -1 -1
993 -1 -1
994 -1 -1
995 -1 -1
996 -1 -1
997 -1 -1
998 -1 -1
999 -1 -1
1000 -1 -1