1000
1 334 570
2 -1 394
3 -1 75
4 -1 -1
5 -1 -1
6 160 662
7 686 -1
8 -1 -1
9 -1 -1
10 818 573
11 -1 -1
12 308 -1
13 360 803
14 -1 227
15 -1 -1
16 24 102
17 -1 -1
18 -1 -1
19 -1 -1
20 768 867
21 776 885
22 -1 -1
23 -1 -1
24 -1 -1
25 -1 -1
26 -1 -1
27 762 138
28 380 20
29 691 305
30 146 709
31 176 750
32 -1 -1
33 -1 82
34 916 492
35 2 844
36 485 635
37 -1 -1
38 -1 -1
39 -1 -1
40 -1 -1
41 -1 -1
42 -1 -1
43 -1 -1
44 702 831
45 896 638
46 -1 389
47 632 -1
48 -1 -1
49 -1 -1
50 847 -1
51 857 -1
52 -1 -1
53 -1 351
54 395 845
55 526 -1
56 551 -1
57 977 -1
58 -1 -1
59 -1 -1
60 472 603
61 584 251
62 -1 -1
63 946 542
64 -1 -1
65 792 653
66 440 359
67 -1 -1
68 -1 998
69 -1 483
70 398 672
71 935 461
72 -1 -1
73 -1 -1
74 125 -1
75 341 -1
76 -1 -1
77 -1 703
78 464 715
79 -1 -1
80 -1 203
81 552 159
82 -1 -1
83 -1 -1
84 -1 -1
85 -1 -1
86 952 975
87 -1 247
88 958 95
89 -1 -1
90 516 612
91 -1 30
92 -1 -1
93 -1 -1
94 66 424
95 572 735
96 777 486
97 859 153
98 -1 115
99 518 -1
100 42 -1
101 185 142
102 -1 -1
103 -1 373
104 116 -1
105 -1 -1
106 549 177
107 981 -1
108 -1 -1
109 271 304
110 -1 -1
111 249 136
112 846 310
113 970 743
114 22 255
115 -1 -1
116 941 617
117 -1 49
118 900 278
119 289 902
120 -1 -1
121 807 406
122 -1 -1
123 -1 349
124 -1 -1
125 -1 -1
126 403 220
127 -1 961
128 237 195
129 -1 -1
130 292 287
131 428 -1
132 -1 -1
133 336 -1
134 -1 -1
135 -1 -1
136 493 725
137 -1 431
138 -1 -1
139 752 -1
140 -1 985
141 -1 -1
142 -1 -1
143 817 563
144 -1 -1
145 -1 -1
146 623 -1
147 352 -1
148 -1 -1
149 534 347
150 599 232
151 88 650
152 -1 489
153 -1 -1
154 852 -1
155 -1 -1
156 644 309
157 -1 -1
158 -1 68
159 254 326
160 684 89
161 962 -1
162 531 -1
163 498 757
164 1000 156
165 922 9
166 -1 -1
167 415 513
168 67 -1
169 995 -1
170 -1 -1
171 443 910
172 -1 -1
173 -1 -1
174 60 690
175 -1 537
176 555 670
177 -1 -1
178 241 -1
179 928 936
180 -1 -1
181 -1 -1
182 224 996
183 -1 -1
184 -1 -1
185 -1 -1
186 987 729
187 265 188
188 -1 -1
189 318 -1
190 911 769
191 -1 -1
192 907 312
193 468 600
194 724 409
195 606 474
196 345 924
197 -1 -1
198 -1 -1
199 417 918
200 -1 -1
201 -1 194
202 -1 949
203 -1 -1
204 -1 -1
205 31 433
206 -1 -1
207 198 629
208 808 988
209 234 408
210 631 353
211 344 863
212 -1 -1
213 634 479
214 -1 -1
215 -1 467
216 -1 688
217 -1 -1
218 40 -1
219 -1 -1
220 726 -1
221 35 822
222 324 383
223 -1 -1
224 466 -1
225 463 564
226 -1 -1
227 720 100
228 812 73
229 723 -1
230 -1 976
231 993 149
232 -1 915
233 267 64
234 565 207
235 -1 -1
236 -1 -1
237 361 575
238 693 16
239 -1 -1
240 447 -1
241 -1 -1
242 677 -1
243 385 -1
244 748 950
245 -1 -1
246 920 -1
247 -1 -1
248 590 630
249 302 713
250 -1 -1
251 -1 621
252 -1 -1
253 607 61
254 966 593
255 -1 -1
256 -1 -1
257 -1 -1
258 -1 -1
259 446 -1
260 124 -1
261 711 362
262 -1 836
263 -1 -1
264 -1 -1
265 -1 -1
266 -1 -1
267 913 295
268 -1 -1
269 514 453
270 313 401
271 97 43
272 275 148
273 -1 -1
274 -1 -1
275 778 -1
276 731 854
277 -1 -1
278 -1 462
279 -1 -1
280 880 -1
281 974 448
282 211 81
283 330 785
284 608 745
285 -1 -1
286 -1 -1
287 -1 -1
288 -1 -1
289 -1 -1
290 -1 -1
291 -1 -1
292 -1 -1
293 -1 -1
294 795 166
295 -1 848
296 -1 -1
297 674 315
298 -1 979
299 -1 -1
300 235 -1
301 -1 -1
302 546 877
303 -1 -1
304 101 784
305 535 810
306 487 -1
307 5 470
308 -1 -1
309 -1 -1
310 427 -1
311 840 45
312 -1 -1
313 -1 -1
314 -1 -1
315 -1 -1
316 816 488
317 -1 -1
318 -1 -1
319 843 794
320 -1 -1
321 -1 -1
322 -1 321
323 842 646
324 -1 44
325 832 923
326 363 65
327 -1 240
328 764 -1
329 -1 -1
330 69 182
331 -1 -1
332 984 107
333 727 279
334 820 545
335 -1 -1
336 -1 -1
337 33 -1
338 -1 -1
339 -1 -1
340 -1 -1
341 -1 -1
342 -1 -1
343 957 133
344 508 174
345 -1 -1
346 539 515
347 -1 4
348 -1 -1
349 -1 -1
350 -1 -1
351 813 471
352 -1 -1
353 204 59
354 -1 258
355 -1 -1
356 303 391
357 823 956
358 -1 -1
359 -1 -1
360 286 169
361 368 186
362 838 991
363 901 641
364 -1 796
365 -1 -1
366 114 870
367 163 90
368 158 -1
369 -1 -1
370 763 -1
371 -1 -1
372 -1 680
373 219 -1
374 770 -1
375 -1 -1
376 942 755
377 990 210
378 92 -1
379 -1 -1
380 298 469
381 787 -1
382 728 -1
383 596 199
384 -1 -1
385 -1 -1
386 655 983
387 -1 370
388 694 802
389 -1 -1
390 -1 -1
391 -1 -1
392 -1 -1
393 829 886
394 -1 -1
395 -1 -1
396 -1 -1
397 553 626
398 -1 615
399 -1 -1
400 -1 183
401 -1 -1
402 -1 -1
403 -1 -1
404 -1 884
405 -1 -1
406 435 -1
407 -1 -1
408 645 454
409 98 -1
410 -1 -1
411 -1 722
412 256 -1
413 -1 369
414 425 529
415 -1 -1
416 583 438
417 335 165
418 -1 -1
419 -1 -1
420 -1 348
421 -1 -1
422 -1 39
423 -1 -1
424 675 -1
425 783 306
426 502 -1
427 561 -1
428 -1 -1
429 919 577
430 -1 -1
431 622 -1
432 -1 -1
433 161 790
434 580 571
435 404 528
436 41 892
437 -1 -1
438 666 -1
439 78 139
440 -1 -1
441 -1 -1
442 -1 132
443 -1 -1
444 123 -1
445 480 826
446 -1 -1
447 -1 -1
448 -1 -1
449 574 477
450 -1 -1
451 -1 245
452 -1 -1
453 716 -1
454 -1 -1
455 181 14
456 -1 -1
457 -1 374
458 10 856
459 -1 -1
460 276 530
461 365 473
462 -1 390
463 -1 -1
464 257 786
465 -1 -1
466 -1 -1
467 -1 -1
468 -1 -1
469 445 520
470 793 -1
471 -1 -1
472 668 682
473 -1 -1
474 -1 938
475 972 605
476 -1 -1
477 887 55
478 -1 -1
479 661 294
480 -1 -1
481 -1 -1
482 54 878
483 -1 692
484 -1 -1
485 150 699
486 -1 -1
487 -1 -1
488 236 164
489 52 103
490 -1 -1
491 903 665
492 -1 -1
493 63 939
494 -1 -1
495 595 441
496 509 953
497 197 517
498 506 -1
499 418 654
500 47 -1
501 141 293
502 421 855
503 329 964
504 208 700
505 649 -1
506 -1 250
507 -1 -1
508 376 460
509 -1 951
510 736 -1
511 789 929
512 579 -1
513 627 -1
514 490 730
515 -1 -1
516 904 -1
517 -1 -1
518 -1 -1
519 753 19
520 452 -1
521 664 788
522 587 834
523 -1 738
524 -1 135
525 -1 -1
526 -1 -1
527 140 695
528 -1 -1
529 586 652
530 377 119
531 891 320
532 -1 -1
533 -1 -1
534 157 909
535 -1 -1
536 -1 657
537 -1 889
538 -1 -1
539 -1 -1
540 -1 299
541 -1 -1
542 392 34
543 327 307
544 -1 -1
545 973 642
546 -1 496
547 -1 934
548 620 679
549 -1 -1
550 734 898
551 340 538
552 504 414
553 -1 -1
554 -1 -1
555 -1 432
556 532 -1
557 379 274
558 -1 -1
559 841 865
560 117 297
561 882 206
562 -1 -1
563 578 805
564 -1 -1
565 636 740
566 -1 296
567 -1 -1
568 -1 -1
569 -1 -1
570 895 986
571 862 566
572 -1 -1
573 457 273
574 658 557
575 338 982
576 497 154
577 804 12
578 548 -1
579 -1 -1
580 264 225
581 -1 -1
582 -1 -1
583 465 -1
584 -1 -1
585 444 62
586 167 412
587 -1 591
588 737 598
589 -1 422
590 -1 -1
591 872 -1
592 681 997
593 937 1
594 -1 -1
595 689 747
596 619 -1
597 317 828
598 503 676
599 337 218
600 333 618
601 931 906
602 894 -1
603 301 940
604 -1 -1
605 -1 -1
606 -1 -1
607 -1 797
608 624 -1
609 325 291
610 -1 -1
611 -1 -1
612 397 -1
613 -1 971
614 -1 -1
615 50 701
616 -1 109
617 -1 -1
618 780 751
619 -1 399
620 -1 -1
621 127 -1
622 -1 -1
623 -1 -1
624 -1 -1
625 87 266
626 -1 -1
627 -1 741
628 456 -1
629 70 106
630 155 -1
631 921 558
632 -1 -1
633 -1 -1
634 -1 423
635 550 585
636 -1 -1
637 193 543
638 84 72
639 -1 290
640 850 -1
641 -1 -1
642 215 436
643 704 405
644 -1 -1
645 38 -1
646 -1 371
647 -1 -1
648 671 656
649 450 99
650 495 774
651 -1 -1
652 648 888
653 948 -1
654 -1 -1
655 285 222
656 -1 866
657 -1 375
658 718 -1
659 -1 -1
660 -1 945
661 -1 -1
662 -1 -1
663 864 698
664 162 230
665 429 459
666 925 -1
667 -1 -1
668 11 -1
669 366 221
670 683 541
671 434 562
672 -1 881
673 -1 -1
674 172 372
675 -1 400
676 -1 -1
677 -1 -1
678 202 367
679 339 533
680 170 -1
681 378 609
682 -1 -1
683 -1 905
684 -1 -1
685 213 281
686 -1 -1
687 732 112
688 -1 -1
689 437 568
690 660 719
691 -1 -1
692 -1 -1
693 152 356
694 758 244
695 -1 -1
696 113 214
697 560 968
698 -1 -1
699 -1 -1
700 21 205
701 -1 -1
702 76 180
703 959 105
704 773 -1
705 -1 -1
706 -1 -1
707 -1 -1
708 242 -1
709 -1 -1
710 876 525
711 -1 -1
712 17 -1
713 917 992
714 -1 -1
715 -1 -1
716 -1 -1
717 56 209
718 -1 -1
719 706 -1
720 -1 -1
721 -1 -1
722 -1 -1
723 357 754
724 -1 -1
725 806 643
726 -1 -1
727 -1 875
728 -1 -1
729 -1 -1
730 -1 -1
731 272 118
732 74 811
733 -1 -1
734 639 647
735 791 -1
736 -1 -1
737 -1 -1
738 -1 -1
739 -1 -1
740 -1 -1
741 -1 -1
742 933 673
743 -1 -1
744 809 216
745 801 861
746 6 122
747 53 -1
748 582 229
749 108 442
750 -1 -1
751 228 -1
752 -1 288
753 954 -1
754 667 -1
755 96 168
756 960 346
757 -1 -1
758 449 556
759 640 766
760 137 814
761 824 455
762 -1 355
763 -1 969
764 710 523
765 270 -1
766 -1 85
767 8 633
768 104 322
769 350 263
770 -1 -1
771 269 742
772 -1 -1
773 -1 -1
774 798 26
775 594 963
776 402 451
777 588 947
778 354 -1
779 282 511
780 494 300
781 111 29
782 -1 -1
783 -1 129
784 851 121
785 772 212
786 134 -1
787 178 364
788 589 223
789 316 179
790 -1 -1
791 -1 -1
792 191 592
793 -1 -1
794 800 -1
795 -1 544
796 -1 -1
797 -1 -1
798 -1 -1
799 284 858
800 -1 -1
801 943 475
802 799 669
803 -1 625
804 610 192
805 481 -1
806 825 196
807 -1 -1
808 28 386
809 965 759
810 -1 -1
811 252 547
812 -1 -1
813 -1 -1
814 -1 499
815 83 -1
816 697 261
817 869 927
818 687 932
819 733 -1
820 94 765
821 -1 -1
822 775 143
823 714 -1
824 839 837
825 32 -1
826 -1 147
827 897 890
828 413 -1
829 382 91
830 994 -1
831 569 -1
832 -1 -1
833 771 696
834 -1 -1
835 311 601
836 -1 -1
837 -1 58
838 314 873
839 -1 874
840 15 767
841 -1 -1
842 342 -1
843 120 -1
844 -1 -1
845 501 868
846 260 540
847 -1 -1
848 -1 -1
849 128 491
850 277 -1
851 559 426
852 712 323
853 -1 430
854 944 439
855 -1 -1
856 388 175
857 -1 -1
858 -1 268
859 -1 -1
860 80 -1
861 18 343
862 -1 93
863 781 999
864 628 217
865 -1 978
866 -1 145
867 -1 -1
868 -1 -1
869 -1 967
870 -1 -1
871 853 -1
872 -1 -1
873 419 319
874 -1 -1
875 -1 -1
876 -1 739
877 -1 -1
878 -1 -1
879 -1 -1
880 -1 -1
881 396 23
882 -1 -1
883 707 -1
884 -1 -1
885 821 637
886 -1 500
887 -1 -1
888 262 893
889 -1 -1
890 -1 189
891 614 -1
892 -1 -1
893 233 524
894 -1 -1
895 381 71
896 908 332
897 567 512
898 -1 -1
899 -1 -1
900 131 3
901 248 522
902 -1 -1
903 955 926
904 -1 -1
905 -1 -1
906 749 659
907 -1 -1
908 482 521
909 -1 -1
910 -1 -1
911 144 51
912 613 -1
913 -1 -1
914 7 110
915 190 604
916 -1 -1
917 151 744
918 -1 -1
919 -1 -1
920 -1 -1
921 25 989
922 -1 -1
923 -1 -1
924 -1 -1
925 -1 -1
926 -1 411
927 -1 358
928 576 -1
929 77 581
930 -1 -1
931 830 130
932 86 231
933 -1 899
934 651 280
935 815 883
936 746 827
937 663 331
938 527 200
939 597 201
940 -1 -1
941 -1 -1
942 860 283
943 57 -1
944 393 930
945 -1 384
946 484 187
947 -1 -1
948 -1 -1
949 476 819
950 243 253
951 -1 -1
952 387 756
953 -1 -1
954 -1 79
955 48 602
956 -1 420
957 246 -1
958 505 328
959 410 173
960 -1 -1
961 -1 -1
962 -1 -1
963 -1 721
964 -1 -1
965 126 678
966 849 416
967 -1 -1
968 760 13
969 -1 -1
970 -1 -1
971 -1 -1
972 -1 871
973 611 761
974 -1 -1
975 717 510
976 -1 -1
977 -1 -1
978 -1 -1
979 27 708
980 -1 478
981 -1 -1
982 -1 -1
983 833 -1
984 171 -1
985 705 226
986 -1 536
987 -1 -1
988 835 36
989 -1 37
990 259 -1
991 184 554
992 238 616
993 507 407
994 239 912
995 -1 879
996 914 519
997 980 46
998 -1 -1
999 458 685
1000 782 -1